date	load	ram	disk	temperature
10-04-2015-14:16:26	24.32	84	30	42.236
10-04-2015-14:16:31	22.46	84	30	42.774
10-04-2015-14:16:37	23.7	84	30	42.236
10-04-2015-14:16:43	24.68	84	30	42.774
10-04-2015-14:16:49	23.76	84	30	42.236
10-04-2015-14:16:55	21.86	84	30	42.774
10-04-2015-14:17:01	22.51	84	30	42.236
10-04-2015-14:17:08	23.27	84	30	42.236
10-04-2015-14:17:14	23.53	84	30	42.236
10-04-2015-14:17:20	21.65	84	30	42.774
10-04-2015-14:17:26	22.96	84	30	42.774
10-04-2015-14:17:33	23.84	84	30	42.774
10-04-2015-14:17:39	23.6	84	30	42.236
10-04-2015-14:17:45	21.79	84	30	42.236
10-04-2015-14:17:51	22.84	84	30	42.774
10-04-2015-14:17:58	23.5	84	30	42.774
10-04-2015-14:18:04	23.42	85	30	42.236
10-04-2015-14:18:11	21.63	85	30	42.774
10-04-2015-14:18:17	23.5	85	30	42.236
10-04-2015-14:18:23	24.5	85	30	42.774
10-04-2015-14:18:30	23.9	85	30	42.236
10-04-2015-14:18:36	24.87	85	30	42.774
10-04-2015-14:18:42	25.76	85	30	42.236
10-04-2015-14:18:49	27.82	85	30	42.774
10-04-2015-14:18:55	25.67	85	30	42.236
10-04-2015-14:19:02	26.66	86	30	42.236
10-04-2015-14:19:08	27.33	86	30	42.236
10-04-2015-14:19:15	25.85	85	30	42.774
10-04-2015-14:19:21	27.95	86	30	42.774
10-04-2015-14:19:28	28.75	86	30	42.774
10-04-2015-14:19:34	27.8	86	30	42.774
10-04-2015-14:19:41	28.7	85	30	42.236
10-04-2015-14:19:48	29.68	85	30	42.774
10-04-2015-14:19:54	27.48	86	30	42.774
10-04-2015-14:20:01	25.28	86	30	42.236
10-04-2015-14:20:08	26.38	86	30	42.774
10-04-2015-14:20:14	25.71	86	30	42.236
10-04-2015-14:20:21	25.82	86	30	42.236
10-04-2015-14:20:28	27.75	86	30	42.236
10-04-2015-14:20:35	27.18	86	30	42.774
10-04-2015-14:20:41	28.84	86	30	42.774
10-04-2015-14:20:48	29.82	86	30	42.236
10-04-2015-14:20:55	29.36	87	30	42.774
10-04-2015-14:21:01	30.45	87	30	42.774
10-04-2015-14:21:08	31.05	87	30	42.774
10-04-2015-14:21:15	29.6	86	30	42.236
10-04-2015-14:21:22	30.75	87	30	42.236
10-04-2015-14:21:29	32.88	87	30	42.774
10-04-2015-14:21:36	30.33	87	30	42.236
10-04-2015-14:21:43	31.42	87	30	42.236
10-04-2015-14:21:50	29.32	87	30	42.236
10-04-2015-14:21:56	30.42	87	30	42.236
10-04-2015-14:22:03	30.7	88	30	41.698
10-04-2015-14:22:11	29.3	88	30	42.236
10-04-2015-14:22:18	31.52	88	30	42.774
10-04-2015-14:22:25	29.7	88	30	43.312
10-04-2015-14:22:32	30.85	87	30	42.774
10-04-2015-14:22:39	31.82	88	30	42.236
10-04-2015-14:22:46	30.61	88	30	42.236
10-04-2015-14:22:53	32.09	87	30	42.236
10-04-2015-14:23:00	29.95	88	30	42.774
10-04-2015-14:23:07	31.0	88	30	42.774
10-04-2015-14:23:14	32.98	88	30	42.236
10-04-2015-14:23:22	33.62	88	30	42.236
10-04-2015-14:23:29	33.98	88	30	42.774
10-04-2015-14:23:36	31.93	88	30	42.774
10-04-2015-14:23:43	32.33	88	30	42.236
10-04-2015-14:23:50	31.49	88	30	42.236
10-04-2015-14:23:58	33.38	88	30	42.774
10-04-2015-14:24:05	31.27	90	30	42.774
10-04-2015-14:24:12	32.05	89	30	42.236
10-04-2015-14:24:20	35.05	89	30	42.774
10-04-2015-14:24:27	36.49	89	30	43.312
10-04-2015-14:24:34	37.24	89	30	42.774
10-04-2015-14:24:41	34.26	88	30	42.236
10-04-2015-14:24:49	34.88	89	30	42.774
10-04-2015-14:24:56	32.46	89	30	42.236
10-04-2015-14:25:04	33.63	90	30	42.774
10-04-2015-14:25:11	31.62	90	30	42.236
10-04-2015-14:25:18	32.86	90	30	42.236
10-04-2015-14:25:26	30.68	90	30	42.236
10-04-2015-14:25:34	32.15	90	30	42.774
10-04-2015-14:25:41	32.44	90	30	42.774
10-04-2015-14:25:49	33.45	90	30	42.236
10-04-2015-14:25:56	33.32	90	30	42.236
10-04-2015-14:26:04	34.41	90	30	42.236
10-04-2015-14:26:11	34.29	90	30	43.312
10-04-2015-14:26:19	35.06	90	30	42.236
10-04-2015-14:26:27	32.77	90	30	42.774
10-04-2015-14:26:34	33.75	90	30	42.236
10-04-2015-14:26:42	32.78	90	30	42.236
10-04-2015-14:26:49	35.12	90	30	42.236
10-04-2015-14:26:57	35.83	90	30	42.774
10-04-2015-14:27:05	37.9	91	30	42.774
10-04-2015-14:27:13	38.3	91	30	42.774
10-04-2015-14:27:20	35.89	91	30	42.774
10-04-2015-14:27:28	36.94	91	30	42.236
10-04-2015-14:27:36	34.43	91	30	42.774
10-04-2015-14:27:44	35.03	91	30	42.236
10-04-2015-14:27:51	34.73	91	30	42.774
10-04-2015-14:27:59	36.91	91	30	42.236
10-04-2015-14:28:07	35.52	91	30	42.774
10-04-2015-14:28:15	36.97	91	30	42.236
10-04-2015-14:28:23	37.62	91	30	42.774
10-04-2015-14:28:31	35.08	91	30	42.236
10-04-2015-14:28:39	37.24	91	30	42.236
10-04-2015-14:28:47	35.27	92	30	42.236
10-04-2015-14:28:55	37.44	91	30	42.774
10-04-2015-14:29:03	38.13	92	30	42.236
10-04-2015-14:29:11	35.58	92	30	42.236
10-04-2015-14:29:19	37.62	92	30	42.236
10-04-2015-14:29:27	36.33	92	30	42.236
10-04-2015-14:29:35	39.24	92	30	42.236
10-04-2015-14:29:43	39.38	92	30	42.236
10-04-2015-14:29:51	36.65	92	30	42.236
